# What I used to make the level file
# world_data = [
# [0,0,0,0,0,0,0,0,0,0,0,0,0,0,0,0,0,0,0,0,0,0,0,0,0,0],
# [0,0,0,0,0,0,0,0,0,4,0,0,0,0,0,0,0,0,0,0,0,0,0,0,0,0],
# [0,0,0,0,0,0,0,0,9,0,5,0,0,0,0,0,0,0,0,0,0,0,0,0,0,0],
# [0,0,0,0,0,0,0,4,0,0,0,0,0,0,4,0,0,0,9,0,0,0,0,0,0,0],
# [0,0,0,0,0,0,5,0,0,0,0,0,0,0,0,0,0,0,0,0,0,9,0,0,0,0],
# [0,0,0,0,0,0,0,0,7,3,0,0,0,0,0,0,0,0,0,0,0,0,0,0,0,0],
# [7,3,7,0,0,0,0,0,9,9,9,0,0,0,0,0,0,0,0,0,0,0,0,9,0,0],
# [9,9,9,0,0,0,9,0,0,0,0,0,0,0,0,0,0,0,0,0,0,0,0,0,0,0],
# [0,0,0,0,0,0,0,0,0,0,0,0,0,0,0,0,0,0,0,0,4,0,0,0,0,0],
# [8,0,7,3,7,7,7,3,7,0,0,0,0,0,0,0,0,0,7,0,0,0,0,0,0,0],
# [9,0,9,9,9,9,9,9,9,0,0,0,0,0,0,0,0,0,0,0,0,0,0,0,0,0],
# [0,0,0,0,0,0,0,0,0,0,0,0,0,0,0,0,0,0,5,0,0,0,0,0,0,0],
# [0,0,0,0,0,0,0,0,0,0,0,7,3,7,7,0,0,0,0,0,0,0,0,0,0,0],
# [0,0,0,0,0,0,0,0,4,0,0,9,9,9,9,0,0,0,0,0,0,0,0,0,9,9],
# [6,6,6,6,6,6,6,6,6,6,6,6,6,6,6,6,6,6,9,6,6,6,9,6,9,9],
# ]
#
# pickle_out = open(f'level{level}_data', 'wb')
# pickle.dump(world_data, pickle_out)
# pickle_out.close()